676 558 258 475 
743 597 139 338 
238 696 329 382 
232 50 430 102 
92 606 19 138 
267 399 201 5 
366 176 57 419 
732 571 701 548 
337 573 339 353 
52 346 139 413 
295 110 488 59 
731 222 722 164 
480 256 678 42 
173 718 238 55 
320 577 566 407 
490 207 268 522 
280 504 262 208 
714 578 189 728 
416 380 623 47 
158 722 52 405 
191 722 131 34 
6 390 666 666 
514 201 597 328 
401 153 549 507 
131 34 747 153 
465 570 202 13 
375 65 47 416 
547 452 639 343 
684 119 372 714 
398 425 160 140 
161 750 41 274 
343 205 131 34 
485 738 147 576 
493 48 59 426 
416 371 36 336 
579 286 547 452 
582 15 400 513 
537 355 258 276 
562 550 314 715 
720 181 430 102 
636 659 197 644 
551 520 245 509 
